crater 0.8981 501 418 550 469
crater 0.6441 410 136 486 224
crater 0.5414 616 144 650 183
crater 0.3468 667 238 723 289
crater 0.1019 436 335 480 398
crater 0.0836 504 395 549 439
crater 0.0766 581 396 642 453
cone 0.7694 683 26 749 92
cone 0.7685 341 452 436 564
cone 0.7015 453 471 578 592
cone 0.6496 671 447 786 570
cone 0.5241 548 245 610 299
cone 0.4860 581 396 642 453
cone 0.4806 391 311 433 361
cone 0.3348 305 349 348 394
cone 0.2500 688 120 755 212
cone 0.2435 338 396 381 439
cone 0.2035 494 225 531 264
cone 0.0971 308 260 340 295
cone 0.0824 504 395 549 439
cone 0.0717 347 62 380 95
