crater 0.9875 648 165 742 261
crater 0.8826 388 535 509 600
crater 0.5981 450 206 494 245
crater 0.3285 24 444 51 486
crater 0.2142 255 414 323 467
crater 0.1790 540 329 577 364
crater 0.0706 732 543 764 586
cone 0.8160 432 139 509 177
cone 0.6964 129 181 302 284
cone 0.4850 438 285 527 390
cone 0.4735 121 427 196 499
cone 0.2070 84 507 174 593
cone 0.1895 738 420 760 447
cone 0.1398 423 184 515 264
cone 0.1305 523 287 598 387
cone 0.0937 736 321 763 350
cone 0.0763 543 320 579 367
cone 0.0574 693 466 746 525
cone 0.0517 394 388 413 406
