crater 0.5698 697 207 740 252
crater 0.2277 772 135 780 146
cone 0.8835 734 457 795 530
cone 0.8661 678 366 764 443
cone 0.8651 601 44 720 161
cone 0.8640 428 63 483 138
cone 0.7597 398 188 469 236
cone 0.7444 620 311 690 393
cone 0.7068 364 489 426 557
cone 0.5990 297 97 356 142
cone 0.4885 355 0 406 31
cone 0.4759 323 266 379 295
cone 0.4552 742 275 779 332
cone 0.4258 415 255 452 306
cone 0.2515 782 249 802 334
cone 0.2017 274 -3 313 46
cone 0.1330 454 345 522 399
cone 0.1034 446 197 481 234
cone 0.0644 410 419 461 461
