/home/mist/yolo3-keras-master/VOCdevkit/VOC2007/JPEGImages/mudESP_025439_2210_RED01_01.jpg 10,57,327,326,0 469,374,509,417,0 510,322,538,346,0 248,376,296,414,0 176,375,211,406,0 241,448,276,477,0 240,539,264,557,0 208,523,229,544,0 373,519,393,538,0 555,568,580,600,0 505,578,523,595,0 349,378,364,396,0 169,447,189,472,0 85,526,102,541,1 376,555,396,577,1 355,490,376,509,0
/home/mist/yolo3-keras-master/VOCdevkit/VOC2007/JPEGImages/mudESP_025439_2210_RED01_02.jpg 140,274,180,313,0 495,179,520,207,0 207,380,230,404,0 347,1,377,26,0 632,455,651,474,0 551,424,572,448,0 377,311,395,330,0 317,185,377,240,1 218,160,279,217,1 246,275,312,335,1 238,335,275,358,1 191,203,225,238,1 98,247,123,275,1 542,204,587,247,1 526,241,550,260,1 579,244,610,274,1 589,344,638,409,1 562,383,598,420,1 555,492,599,538,1 601,506,631,537,1 460,477,517,531,1 459,439,501,478,1 403,417,461,475,1 434,329,480,378,1 402,355,446,401,1 355,443,392,479,1 319,538,363,579,1 361,514,386,541,1 268,538,315,590,1 254,504,283,536,1 192,512,243,569,1 129,509,159,559,1 236,397,277,447,1 276,375,299,403,1 310,396,342,432,1 350,417,372,440,1 277,454,302,481,1 173,436,219,486,1 194,410,218,433,1 522,171,559,209,1 461,151,500,194,1 415,89,469,149,1 338,127,361,149,1 116,27,150,58,1 104,1,126,14,1 75,53,100,82,1 403,63,418,75,0 295,96,315,117,1 297,342,318,366,1 474,32,488,46,0
/home/mist/yolo3-keras-master/VOCdevkit/VOC2007/JPEGImages/mudESP_025439_2210_RED01_03.jpg 301,17,365,89,1 387,118,433,172,1 423,156,461,182,1 436,178,476,222,1 410,256,467,317,1 364,228,402,267,1 339,178,382,224,1 314,156,347,198,1 203,93,231,118,1 213,39,242,71,1 152,47,177,73,1 163,127,193,157,1 182,247,214,280,1 196,305,254,366,1 398,213,420,238,1 399,68,425,95,1 437,59,503,125,1 497,116,524,151,1 552,144,592,192,1 618,140,644,167,1 228,169,264,203,1 291,291,322,327,1 365,399,430,480,1 618,539,653,567,1 657,511,684,543,1 630,498,657,530,1 644,428,669,458,1 650,468,675,494,1 699,493,721,520,1 622,286,680,352,1 671,274,700,314,1 638,229,671,260,1 427,348,461,390,1 532,286,561,324,1 564,282,584,319,1 566,239,604,283,1 608,266,639,297,1 485,236,512,266,1 510,413,547,449,1 469,453,501,479,1 454,399,475,421,1 485,200,507,221,1 515,390,539,412,1 516,506,556,542,0 562,524,587,549,0 503,574,528,595,0 692,573,724,600,0 331,383,357,406,0 516,351,540,373,0 508,301,531,325,0 577,434,600,452,0 349,105,372,129,0 714,469,727,486,0
/home/mist/yolo3-keras-master/VOCdevkit/VOC2007/JPEGImages/mudESP_025439_2210_RED01_04.jpg 713,488,760,539,0 573,311,592,331,0 386,504,414,529,0 404,535,426,559,0 472,451,500,478,0 580,196,604,215,0 614,112,634,137,0 501,26,528,49,0 733,90,746,106,0 548,149,565,171,0 712,313,725,327,0 367,34,407,84,1 380,96,395,112,1 310,73,354,137,1 348,129,363,144,1 304,192,328,218,1 266,221,314,271,1 276,276,307,304,1 276,309,313,342,1 320,356,346,383,1 249,59,272,78,1 233,128,256,157,1 591,54,629,99,1 582,233,641,279,1 500,213,531,247,1 495,276,531,307,1 475,244,504,275,1 362,295,405,331,1 414,384,445,415,1 403,50,451,120,1 297,398,346,440,1 313,273,350,319,1 413,439,440,467,1 613,201,627,217,0 495,162,507,174,0 673,163,687,177,0 291,87,311,117,1 510,245,540,276,1 271,170,294,192,1 704,257,718,274,1 646,307,678,342,1 682,247,701,266,1 712,61,740,91,1 429,531,441,545,1
/home/mist/yolo3-keras-master/VOCdevkit/VOC2007/JPEGImages/mudESP_025439_2210_RED02_01.jpg 11,65,690,600,0
/home/mist/yolo3-keras-master/VOCdevkit/VOC2007/JPEGImages/mudESP_025439_2210_RED02_03.jpg 504,156,582,227,0 357,152,425,207,0 337,298,381,340,0 484,293,541,345,0 483,470,531,513,0 713,382,752,418,0 747,441,785,483,0 684,442,718,476,0 698,159,727,189,0 345,209,395,252,0 687,485,738,535,1 756,515,792,555,1 481,493,569,567,1 361,396,441,471,1 273,522,315,563,1 170,452,207,483,1 163,386,193,417,1 536,251,585,295,1
/home/mist/yolo3-keras-master/VOCdevkit/VOC2007/JPEGImages/mudESP_025439_2210_RED02_05.jpg 441,328,542,427,1 648,392,717,462,1 708,431,748,468,1 686,258,717,291,1 593,198,626,229,1 258,337,293,367,1 148,113,190,156,1 237,64,291,108,1 362,1,419,52,1 209,2,246,28,1 704,533,743,572,1 395,413,435,451,1 411,444,448,475,1 509,433,543,464,1 197,496,245,542,1 247,199,270,219,0 696,1,754,53,0 507,202,552,244,0 281,552,365,600,0 577,32,605,57,1 619,171,644,194,1 654,153,678,176,1 669,134,692,155,1 718,175,741,199,1 273,442,292,461,1 577,405,619,448,1
/home/mist/yolo3-keras-master/VOCdevkit/VOC2007/JPEGImages/mudESP_025439_2210_RED02_06.jpg 7,126,36,152,0 148,64,176,95,0 189,364,238,413,0 247,167,270,195,0 370,1,394,24,0 35,183,138,290,1 97,263,172,329,1 120,314,203,386,1 246,350,302,411,1 290,338,353,407,1 288,411,373,494,1 258,481,293,515,1 351,486,424,544,1 194,152,225,191,1
/home/mist/yolo3-keras-master/VOCdevkit/VOC2007/JPEGImages/mudESP_025439_2210_RED02_07.jpg 472,197,555,288,1 352,269,438,366,1 258,429,317,509,1 390,430,481,526,1 537,473,624,577,1 611,460,650,508,1 509,417,575,468,1 642,484,715,554,1 499,525,535,560,1 721,432,767,477,1 752,364,792,396,1 712,280,774,351,1 704,245,738,284,1 669,296,705,343,1 566,320,607,360,1 623,193,684,258,1 593,89,638,131,1 550,155,595,202,1 485,65,542,114,1 509,5,603,62,1 386,218,436,260,1 415,162,461,208,0 392,303,449,352,0 753,24,786,60,0 458,126,521,177,1
/home/mist/yolo3-keras-master/VOCdevkit/VOC2007/JPEGImages/mudESP_025439_2210_RED02_08.jpg 380,98,477,207,1 318,165,390,231,1 301,246,349,296,0 258,333,321,392,1 250,444,303,491,1 323,399,389,468,1 396,407,459,469,1 467,307,498,352,0 129,362,230,462,1 119,283,201,364,1 12,229,116,352,1 65,69,165,175,1 24,136,77,181,1 108,189,158,230,1
/home/mist/yolo3-keras-master/VOCdevkit/VOC2007/JPEGImages/mudESP_025439_2210_RED02_10.jpg 288,290,388,388,1 430,281,488,332,1 327,480,414,562,1 71,368,150,447,1 315,552,375,600,1 380,573,412,599,1 483,468,534,519,1 176,474,224,529,1 224,483,262,523,1 52,305,112,362,1 73,122,193,255,1 194,244,240,291,1 4,143,45,186,1 169,396,212,442,1 22,526,126,600,1 1,429,38,480,1 1,230,65,331,1 7,323,40,355,1 434,551,460,577,0
/home/mist/yolo3-keras-master/VOCdevkit/VOC2007/JPEGImages/mudESP_025439_2210_RED02_12.jpg 232,415,311,479,0 328,447,375,494,0 209,553,257,588,0 358,266,397,308,0 232,99,277,149,0 215,2,264,54,0 629,343,653,374,0 590,548,648,600,0 524,202,552,229,0 634,440,659,464,0 64,103,121,153,1 83,144,122,179,1 83,234,125,270,1 115,206,151,236,1 223,183,278,229,1 217,232,293,293,1 141,303,176,330,1 164,325,198,351,1 484,259,542,313,1 502,335,559,394,1 465,410,511,453,1 511,425,567,480,1 458,483,504,518,1 596,403,639,444,1 581,126,625,169,1 442,5,576,104,1 130,101,154,125,1 268,2,323,46,1 68,6,109,42,1 331,2,378,39,1 190,389,215,417,1
/home/mist/yolo3-keras-master/VOCdevkit/VOC2007/JPEGImages/mudESP_025439_2210_RED02_14.jpg 199,315,269,385,1 9,8,94,129,1 364,286,411,328,0 425,300,452,326,0 427,122,462,158,0 666,77,692,109,0 623,133,654,164,0 625,521,653,549,0 191,217,217,242,0 91,345,113,367,0 178,34,206,67,0 545,219,572,244,0 369,380,489,454,1 440,447,492,495,0 349,519,378,552,0 600,407,641,445,1 559,520,592,556,1 664,467,695,501,1 633,19,680,68,1 379,12,458,90,1
/home/mist/yolo3-keras-master/VOCdevkit/VOC2007/JPEGImages/mudESP_025439_2210_RED03_05.jpg 738,375,800,432,0 613,527,718,600,0
/home/mist/yolo3-keras-master/VOCdevkit/VOC2007/JPEGImages/mudESP_025439_2210_RED03_07.jpg 505,148,566,209,0 198,179,266,247,0 254,377,306,427,1 725,405,790,468,0
/home/mist/yolo3-keras-master/VOCdevkit/VOC2007/JPEGImages/mudESP_025439_2210_RED03_08.jpg 319,364,374,422,0 715,537,764,585,0 671,256,712,295,0 670,134,717,181,0 705,124,725,144,0 744,10,790,58,0 686,65,712,95,0 515,93,540,115,0 225,370,269,414,0 548,439,601,488,0 589,381,607,399,0 164,65,187,87,0 257,253,331,330,1 732,250,784,299,1
/home/mist/yolo3-keras-master/VOCdevkit/VOC2007/JPEGImages/mudESP_025439_2210_RED03_11.jpg 227,390,277,439,1 89,293,146,347,1 450,275,613,437,1 585,460,695,575,1 683,547,759,600,0 686,222,741,284,1 413,191,449,224,0 241,1,335,77,0 625,98,664,135,0 68,48,105,83,1 128,253,164,287,1
/home/mist/yolo3-keras-master/VOCdevkit/VOC2007/JPEGImages/mudESP_025439_2210_RED03_13.jpg 424,228,538,331,0 551,269,600,321,0 628,547,695,600,0 293,141,371,218,1 747,299,787,344,0 593,17,654,76,1 609,63,675,122,1 724,392,800,473,1 764,49,800,94,1
/home/mist/yolo3-keras-master/VOCdevkit/VOC2007/JPEGImages/mudESP_025439_2210_RED03_14.jpg 487,400,654,559,1 92,434,164,491,1 1,221,116,406,1 161,4,327,101,1 245,198,316,264,1 327,336,387,385,0
/home/mist/yolo3-keras-master/VOCdevkit/VOC2007/JPEGImages/mudESP_025439_2210_RED03_16.jpg 579,335,726,494,1 523,107,651,247,1 587,31,661,94,1 711,17,800,127,1 415,521,493,592,1
/home/mist/yolo3-keras-master/VOCdevkit/VOC2007/JPEGImages/mudESP_025439_2210_RED03_17.jpg 579,113,706,246,1 590,238,752,397,1 169,416,277,529,1 282,345,351,420,1 333,239,386,289,1 7,403,144,575,1 1,326,56,404,1 44,178,104,242,1 196,146,253,209,1 254,64,309,127,1 414,67,578,234,1 127,6,226,93,1
/home/mist/yolo3-keras-master/VOCdevkit/VOC2007/JPEGImages/mudESP_025439_2210_RED03_20.jpg 356,201,377,224,0 421,444,446,473,0 569,260,642,337,0 169,539,204,568,0 244,317,323,380,0 90,63,283,252,1 324,428,372,487,1 369,359,496,490,1 410,487,459,534,1 480,462,573,544,1 139,482,243,593,1 401,214,467,282,1 511,192,702,379,1 641,338,693,391,1 692,361,765,433,1 687,457,732,503,0 684,235,735,284,1
/home/mist/yolo3-keras-master/VOCdevkit/VOC2007/JPEGImages/mudESP_025439_2210_RED03_21.jpg 52,444,180,571,1 253,430,330,496,1
/home/mist/yolo3-keras-master/VOCdevkit/VOC2007/JPEGImages/mudESP_025439_2210_RED03_23.jpg 433,186,586,317,1 505,314,562,365,1 488,450,580,531,1 526,520,591,573,1 196,547,264,600,0 600,453,628,483,1 79,279,172,371,1 303,95,400,200,1 385,44,455,111,1 668,123,732,188,1 733,126,790,184,1 722,301,793,382,0 753,458,800,521,0 379,248,416,283,0 653,10,720,60,1 500,1,624,70,1 191,1,345,76,1
/home/mist/yolo3-keras-master/VOCdevkit/VOC2007/JPEGImages/mudESP_025439_2210_RED03_24.jpg 261,265,458,455,1 251,228,294,261,0 174,261,220,304,1 4,252,89,373,1 79,231,176,349,1 89,106,216,242,1 326,94,417,178,1
/home/mist/yolo3-keras-master/VOCdevkit/VOC2007/JPEGImages/mudESP_025439_2210_RED03_26.jpg 615,150,665,201,1 289,26,494,234,1 346,113,431,181,0 293,525,388,600,1 721,530,772,584,0 563,8,622,56,1 749,323,800,415,0 738,57,800,143,1
/home/mist/yolo3-keras-master/VOCdevkit/VOC2007/JPEGImages/mudESP_025439_2210_RED03_27.jpg 139,102,203,161,0 94,375,158,441,0 1,313,60,421,0 40,202,107,270,1 327,82,413,168,1 371,334,454,427,1 298,309,369,386,1 284,424,350,490,1 551,360,587,393,0
/home/mist/yolo3-keras-master/VOCdevkit/VOC2007/JPEGImages/mudESP_025439_2210_RED03_29.jpg 132,81,263,251,1 112,429,194,498,1 14,346,83,422,1 240,225,289,274,1 700,476,792,577,1 416,27,538,154,1 309,76,379,133,1 335,131,382,174,1 267,66,311,107,1 235,288,265,318,1 690,326,723,363,0 666,56,711,100,0 539,525,568,552,0 5,503,141,600,1 308,1,419,78,1
/home/mist/yolo3-keras-master/VOCdevkit/VOC2007/JPEGImages/mudESP_025439_2210_RED03_30.jpg 248,187,299,239,0 238,455,285,487,0 418,331,460,367,0 143,434,211,486,0 45,297,100,346,0 598,113,640,160,0 153,19,287,194,1 502,531,538,567,1 536,25,615,105,1
/home/mist/yolo3-keras-master/VOCdevkit/VOC2007/JPEGImages/mudESP_025439_2210_RED03_32.jpg 296,137,417,243,1 34,167,136,265,1 40,68,124,160,1 161,311,242,400,1 425,380,537,490,1 66,284,103,323,0 481,487,548,547,0
/home/mist/yolo3-keras-master/VOCdevkit/VOC2007/JPEGImages/mudESP_025439_2210_RED03_33.jpg 256,3,322,59,0 119,179,169,229,0 534,178,577,222,0 503,10,558,69,1 139,405,205,462,1
/home/mist/yolo3-keras-master/VOCdevkit/VOC2007/JPEGImages/mudESP_025439_2210_RED04_01.jpg 244,556,262,576,0
/home/mist/yolo3-keras-master/VOCdevkit/VOC2007/JPEGImages/mudESP_025439_2210_RED04_07.jpg 500,35,536,73,1
/home/mist/yolo3-keras-master/VOCdevkit/VOC2007/JPEGImages/mudESP_025439_2210_RED04_09.jpg 298,348,322,371,0
/home/mist/yolo3-keras-master/VOCdevkit/VOC2007/JPEGImages/mudESP_025439_2210_RED04_10.jpg 212,310,352,453,0 602,324,654,378,0
/home/mist/yolo3-keras-master/VOCdevkit/VOC2007/JPEGImages/mudESP_025439_2210_RED04_11.jpg 285,295,428,467,0 157,524,184,552,0 454,411,531,476,0 408,568,432,590,0 463,103,535,168,0
/home/mist/yolo3-keras-master/VOCdevkit/VOC2007/JPEGImages/mudESP_025439_2210_RED04_13.jpg 338,300,404,370,1 312,535,357,579,1 265,37,357,124,0 581,395,600,416,0 684,4,758,76,0 697,98,727,124,0 263,222,299,252,1
/home/mist/yolo3-keras-master/VOCdevkit/VOC2007/JPEGImages/mudESP_025439_2210_RED04_14.jpg 629,165,693,229,0 699,291,762,356,0 177,352,256,426,0 172,1,283,92,0 181,402,313,517,0
/home/mist/yolo3-keras-master/VOCdevkit/VOC2007/JPEGImages/mudESP_025439_2210_RED04_15.jpg 424,517,485,577,0 201,391,270,451,0 255,308,276,329,0 587,162,618,196,0 261,287,283,304,0 363,143,412,187,0 188,265,223,300,0 616,478,711,600,0 437,125,512,194,1
/home/mist/yolo3-keras-master/VOCdevkit/VOC2007/JPEGImages/mudESP_025439_2210_RED04_17.jpg 456,117,599,225,1 302,223,390,312,1 498,402,539,437,0 718,319,740,341,0 419,1,492,62,1 323,369,357,394,0
/home/mist/yolo3-keras-master/VOCdevkit/VOC2007/JPEGImages/mudESP_025439_2210_RED04_18.jpg 587,1,712,101,0 382,394,455,459,1 444,344,484,378,1 510,317,548,348,1 569,523,634,583,1 357,67,401,112,1
/home/mist/yolo3-keras-master/VOCdevkit/VOC2007/JPEGImages/mudESP_025439_2210_RED04_19.jpg 299,134,349,178,0 21,258,69,301,0 341,220,357,237,0 219,120,233,137,0 400,304,459,365,1 73,370,285,590,1
/home/mist/yolo3-keras-master/VOCdevkit/VOC2007/JPEGImages/mudESP_025439_2210_RED04_21.jpg 565,506,716,600,0 398,380,488,480,1 544,286,585,323,1 528,85,579,135,1 674,12,713,45,0
/home/mist/yolo3-keras-master/VOCdevkit/VOC2007/JPEGImages/mudESP_025439_2210_RED04_22.jpg 88,56,286,249,1 224,263,283,324,1 535,232,615,312,0 601,467,683,545,1 13,280,98,359,1 482,170,696,338,1 1,229,63,306,1
/home/mist/yolo3-keras-master/VOCdevkit/VOC2007/JPEGImages/mudESP_025439_2210_RED04_23.jpg 385,131,472,223,0 564,212,738,385,1 518,363,587,429,1 480,63,706,224,1 249,31,388,162,1 687,418,756,497,1
/home/mist/yolo3-keras-master/VOCdevkit/VOC2007/JPEGImages/mudESP_025439_2210_RED04_26.jpg 296,312,388,400,1 154,404,296,567,1 36,330,116,415,0 1,438,75,533,1 389,179,476,261,1 176,125,294,233,1 446,397,572,510,1 604,490,673,565,1 709,53,774,118,0 229,1,413,133,1 264,40,327,104,0
/home/mist/yolo3-keras-master/VOCdevkit/VOC2007/JPEGImages/mudESP_025439_2210_RED04_27.jpg 63,136,319,385,1 218,375,321,478,1 667,330,778,467,1 602,501,678,575,0 526,12,563,49,1
/home/mist/yolo3-keras-master/VOCdevkit/VOC2007/JPEGImages/mudESP_025439_2210_RED04_30.jpg 226,232,332,336,1 1,255,168,454,1 286,349,446,551,1 491,348,612,507,1 651,273,731,352,1 715,122,781,186,1 330,44,399,112,1 534,7,602,79,1
/home/mist/yolo3-keras-master/VOCdevkit/VOC2007/JPEGImages/mudESP_025439_2210_RED04_31.jpg 255,119,453,316,1 519,70,625,179,1 657,203,782,343,1 241,3,400,119,1
/home/mist/yolo3-keras-master/VOCdevkit/VOC2007/JPEGImages/mudESP_025439_2210_RED04_34.jpg 404,86,646,334,1 742,273,769,298,0 600,429,681,500,0 22,390,102,468,1 71,162,161,274,1
/home/mist/yolo3-keras-master/VOCdevkit/VOC2007/JPEGImages/mudESP_025439_2210_RED04_35.jpg 155,261,386,511,1 326,455,390,525,1 391,485,482,572,1 381,313,443,374,1 13,300,85,369,1 3,476,132,600,1
/home/mist/yolo3-keras-master/VOCdevkit/VOC2007/JPEGImages/mudESP_025439_2210_RED04_38.jpg 136,105,238,200,1 462,50,579,185,1 570,130,719,302,1 699,269,742,312,1 673,330,793,467,1
/home/mist/yolo3-keras-master/VOCdevkit/VOC2007/JPEGImages/mudESP_025439_2210_RED04_39.jpg 364,356,437,436,1 447,365,518,438,1 140,125,288,284,1 109,13,226,126,1 15,41,77,108,1 2,268,71,350,1 594,4,762,165,1 656,344,800,520,1 45,456,253,600,1 344,200,426,280,1
/home/mist/yolo3-keras-master/VOCdevkit/VOC2007/JPEGImages/mudESP_025439_2210_RED04_42.jpg 531,331,614,413,0 369,2,483,104,1 49,153,101,205,0 6,74,192,245,1
/home/mist/yolo3-keras-master/VOCdevkit/VOC2007/JPEGImages/mudESP_025439_2210_RED04_43.jpg 473,212,546,289,0 451,368,556,450,1 454,459,569,585,1 224,407,285,465,1 260,203,302,239,1 131,207,232,309,1 163,296,242,361,1 133,3,234,86,1 526,2,648,100,1 653,1,767,78,1 712,535,796,599,0 431,9,520,101,0
/home/mist/yolo3-keras-master/VOCdevkit/VOC2007/JPEGImages/mudESP_025439_2210_RED04_44.jpg 85,4,337,213,1 173,513,275,600,1 367,254,451,333,1 149,209,201,252,0 163,277,199,312,1 298,345,337,381,1
/home/mist/yolo3-keras-master/VOCdevkit/VOC2007/JPEGImages/mudESP_025439_2210_RED04_46.jpg 665,496,785,600,1
/home/mist/yolo3-keras-master/VOCdevkit/VOC2007/JPEGImages/mudESP_025439_2210_RED04_47.jpg 471,237,606,352,0 432,513,498,574,0 660,304,740,385,0 390,185,433,229,1 279,8,388,101,1
/home/mist/yolo3-keras-master/VOCdevkit/VOC2007/JPEGImages/mudESP_025439_2210_RED04_48.jpg 226,248,329,368,1 135,214,221,308,1 201,69,310,192,1 115,375,195,448,1 469,281,520,325,0 158,242,201,290,0
/home/mist/yolo3-keras-master/VOCdevkit/VOC2007/JPEGImages/mudESP_025439_2210_RED04_50.jpg 203,28,282,107,1 136,295,239,402,1 438,99,604,342,1 594,296,658,359,1 717,176,775,226,1 624,87,681,150,1 690,103,764,174,1 586,248,632,291,0 182,39,199,57,0 370,19,403,45,0 98,224,162,273,1
/home/mist/yolo3-keras-master/VOCdevkit/VOC2007/JPEGImages/mudESP_025439_2210_RED04_51.jpg 21,26,184,251,1 362,77,410,128,0 386,435,433,480,0
/home/mist/yolo3-keras-master/VOCdevkit/VOC2007/JPEGImages/mudESP_025439_2210_RED04_52.jpg 534,155,582,215,0 291,443,346,486,0 64,251,124,317,0 296,227,329,259,0 451,270,499,324,0
/home/mist/yolo3-keras-master/VOCdevkit/VOC2007/JPEGImages/mudESP_025439_2210_RED04_54.jpg 272,87,432,276,1 324,286,429,414,1 315,423,440,553,1 263,402,294,436,1 370,232,401,263,0 430,1,506,53,1 659,386,792,521,1
/home/mist/yolo3-keras-master/VOCdevkit/VOC2007/JPEGImages/mudESP_025439_2210_RED04_55.jpg 701,439,757,500,0 186,93,220,133,0 401,50,527,172,1 315,165,395,238,1 355,492,418,551,1
/home/mist/yolo3-keras-master/VOCdevkit/VOC2007/JPEGImages/mudESP_025439_2210_RED04_56.jpg 413,220,470,284,1 454,445,501,492,0 87,198,166,278,0 319,442,392,517,1 402,110,458,158,1 576,244,617,283,1 58,6,108,50,0 504,413,558,475,1 527,326,597,403,1 619,203,656,241,1 529,26,569,65,1 589,36,623,67,1 464,30,496,67,1
/home/mist/yolo3-keras-master/VOCdevkit/VOC2007/JPEGImages/mudESP_025439_2210_RED04_58.jpg 347,372,383,403,0 486,19,595,131,1 551,426,581,455,0
/home/mist/yolo3-keras-master/VOCdevkit/VOC2007/JPEGImages/mudESP_025439_2210_RED04_59.jpg 51,107,187,231,1 61,346,159,434,1 167,525,238,587,1 721,137,793,219,1 511,205,594,282,1
/home/mist/yolo3-keras-master/VOCdevkit/VOC2007/JPEGImages/mudESP_025439_2210_RED05_06.jpg 305,95,330,120,0
/home/mist/yolo3-keras-master/VOCdevkit/VOC2007/JPEGImages/mudESP_025439_2210_RED05_14.jpg 178,427,267,509,0
/home/mist/yolo3-keras-master/VOCdevkit/VOC2007/JPEGImages/mudESP_025439_2210_RED05_16.jpg 371,135,405,165,0
/home/mist/yolo3-keras-master/VOCdevkit/VOC2007/JPEGImages/mudESP_025439_2210_RED05_17.jpg 461,90,641,268,0 354,131,383,163,0 94,83,251,218,0 251,505,287,538,0 55,452,148,551,0
/home/mist/yolo3-keras-master/VOCdevkit/VOC2007/JPEGImages/mudESP_025439_2210_RED05_18.jpg 596,354,629,390,0 154,104,219,172,0
/home/mist/yolo3-keras-master/VOCdevkit/VOC2007/JPEGImages/mudESP_025439_2210_RED05_21.jpg 427,235,504,309,1 390,517,447,570,1 725,343,749,368,0
/home/mist/yolo3-keras-master/VOCdevkit/VOC2007/JPEGImages/mudESP_025439_2210_RED05_22.jpg 423,280,512,379,0
/home/mist/yolo3-keras-master/VOCdevkit/VOC2007/JPEGImages/mudESP_025439_2210_RED05_23.jpg 277,215,349,296,0 721,236,744,262,0 729,209,755,233,0 652,336,728,412,0 325,404,377,469,1 369,357,417,407,1
/home/mist/yolo3-keras-master/VOCdevkit/VOC2007/JPEGImages/mudESP_025439_2210_RED05_24.jpg 126,497,214,575,0 154,17,232,96,1 330,50,371,95,0 52,31,126,84,0
/home/mist/yolo3-keras-master/VOCdevkit/VOC2007/JPEGImages/mudESP_025439_2210_RED05_26.jpg 590,175,744,273,1 375,283,485,383,1 626,502,670,546,0 525,1,615,76,1
/home/mist/yolo3-keras-master/VOCdevkit/VOC2007/JPEGImages/mudESP_025439_2210_RED05_27.jpg 81,3,255,133,1 642,86,700,139,1 691,496,763,577,1
/home/mist/yolo3-keras-master/VOCdevkit/VOC2007/JPEGImages/mudESP_025439_2210_RED05_28.jpg 426,321,485,374,0 139,2,283,125,0 564,501,610,548,0
/home/mist/yolo3-keras-master/VOCdevkit/VOC2007/JPEGImages/mudESP_025439_2210_RED05_29.jpg 26,277,46,297,0 483,369,540,427,0 101,375,164,451,1
/home/mist/yolo3-keras-master/VOCdevkit/VOC2007/JPEGImages/mudESP_025439_2210_RED05_32.jpg 308,215,562,461,1 198,440,288,521,1 483,479,543,546,1 225,511,329,591,1 47,165,92,206,0
/home/mist/yolo3-keras-master/VOCdevkit/VOC2007/JPEGImages/mudESP_025439_2210_RED05_33.jpg 175,463,280,567,1 115,49,200,125,1 13,336,201,562,1 77,443,163,531,0
/home/mist/yolo3-keras-master/VOCdevkit/VOC2007/JPEGImages/mudESP_025439_2210_RED05_34.jpg 307,411,539,600,1 72,315,193,424,0 210,223,499,426,1
/home/mist/yolo3-keras-master/VOCdevkit/VOC2007/JPEGImages/mudESP_025439_2210_RED05_37.jpg 462,195,728,468,1 401,460,557,587,1 703,531,788,600,1 119,250,200,329,0 531,348,613,433,0 445,303,513,367,0 326,100,434,206,0
/home/mist/yolo3-keras-master/VOCdevkit/VOC2007/JPEGImages/mudESP_025439_2210_RED05_38.jpg 149,134,265,230,1 285,364,371,443,0
/home/mist/yolo3-keras-master/VOCdevkit/VOC2007/JPEGImages/mudESP_025439_2210_RED05_39.jpg 259,10,330,78,1 479,18,653,165,1 261,315,303,360,1
/home/mist/yolo3-keras-master/VOCdevkit/VOC2007/JPEGImages/mudESP_025439_2210_RED05_42.jpg 390,199,565,407,1 176,255,280,355,1 82,391,285,595,1 246,115,348,213,0 586,103,681,191,0
/home/mist/yolo3-keras-master/VOCdevkit/VOC2007/JPEGImages/mudESP_025439_2210_RED05_43.jpg 423,270,694,584,1 165,312,238,398,1 67,455,148,546,1 449,4,794,183,1 581,22,666,119,0 3,189,98,356,1
/home/mist/yolo3-keras-master/VOCdevkit/VOC2007/JPEGImages/mudESP_025439_2210_RED05_44.jpg 356,323,459,435,0 434,122,567,279,1 537,1,779,215,1
/home/mist/yolo3-keras-master/VOCdevkit/VOC2007/JPEGImages/mudESP_025439_2210_RED05_47.jpg 184,167,399,417,1 490,151,622,280,1 549,285,766,528,1
/home/mist/yolo3-keras-master/VOCdevkit/VOC2007/JPEGImages/mudESP_025439_2210_RED05_48.jpg 197,169,312,286,1 15,287,189,483,1
/home/mist/yolo3-keras-master/VOCdevkit/VOC2007/JPEGImages/mudESP_025439_2210_RED05_49.jpg 423,90,582,270,1 1,5,158,258,1 609,116,749,278,1 474,170,526,221,0
/home/mist/yolo3-keras-master/VOCdevkit/VOC2007/JPEGImages/mudESP_025439_2210_RED05_52.jpg 290,192,407,342,1 230,487,339,583,1 2,263,72,350,1 88,1,213,81,1
/home/mist/yolo3-keras-master/VOCdevkit/VOC2007/JPEGImages/mudESP_025439_2210_RED05_53.jpg 326,340,363,373,0 146,535,250,600,0 414,367,513,465,1 589,313,799,600,1 1,111,199,422,1
/home/mist/yolo3-keras-master/VOCdevkit/VOC2007/JPEGImages/mudESP_025439_2210_RED05_57.jpg 348,269,510,413,1
/home/mist/yolo3-keras-master/VOCdevkit/VOC2007/JPEGImages/mudESP_025439_2210_RED05_58.jpg 416,213,493,283,1 107,307,301,531,1 391,484,488,579,1 345,6,557,222,1 265,123,351,208,1 4,209,125,384,1 518,159,682,314,1 586,289,760,516,1 20,297,70,345,0 13,489,69,544,0
/home/mist/yolo3-keras-master/VOCdevkit/VOC2007/JPEGImages/mudESP_025439_2210_RED05_59.jpg 352,123,538,354,1 84,9,207,117,1 697,341,719,363,0 699,115,798,233,1 169,416,226,472,1
/home/mist/yolo3-keras-master/VOCdevkit/VOC2007/JPEGImages/mudESP_025439_2210_RED05_62.jpg 121,31,253,183,1 180,319,451,596,1 656,253,797,458,1
/home/mist/yolo3-keras-master/VOCdevkit/VOC2007/JPEGImages/mudESP_025439_2210_RED05_63.jpg 248,1,389,126,1 367,215,420,267,0 454,108,702,332,1 730,555,779,600,1
/home/mist/yolo3-keras-master/VOCdevkit/VOC2007/JPEGImages/mudESP_025439_2210_RED05_64.jpg 267,220,410,415,1 421,192,553,381,1 558,236,634,306,1 423,12,629,198,1 151,9,249,106,1 51,10,151,102,1 141,304,252,425,0 696,184,750,238,0
/home/mist/yolo3-keras-master/VOCdevkit/VOC2007/JPEGImages/mudESP_025439_2210_RED05_67.jpg 488,318,510,339,0
/home/mist/yolo3-keras-master/VOCdevkit/VOC2007/JPEGImages/mudESP_025439_2210_RED05_68.jpg 57,116,174,219,0 680,209,758,285,1 242,202,531,584,1 561,5,699,84,1 599,70,699,152,1 616,275,716,376,1
/home/mist/yolo3-keras-master/VOCdevkit/VOC2007/JPEGImages/mudESP_025439_2210_RED05_69.jpg 156,276,318,433,1 160,152,302,261,1 500,371,599,460,0 684,437,736,484,1
/home/mist/yolo3-keras-master/VOCdevkit/VOC2007/JPEGImages/mudESP_025439_2210_RED05_70.jpg 13,340,142,481,1 171,128,223,176,1 258,26,352,120,1 12,49,59,95,1 374,564,429,600,0
/home/mist/yolo3-keras-master/VOCdevkit/VOC2007/JPEGImages/mudESP_025439_2210_RED05_73.jpg 226,474,388,600,1 423,145,468,186,1
/home/mist/yolo3-keras-master/VOCdevkit/VOC2007/JPEGImages/mudESP_025439_2210_RED05_75.jpg 84,162,218,305,1 1,125,84,240,1 391,204,447,261,0
/home/mist/yolo3-keras-master/VOCdevkit/VOC2007/JPEGImages/mudESP_025439_2210_RED05_77.jpg 449,38,565,147,1 428,50,449,70,0 371,373,488,510,1 672,206,747,300,1 334,286,396,350,1 662,23,698,59,0
/home/mist/yolo3-keras-master/VOCdevkit/VOC2007/JPEGImages/mudESP_025439_2210_RED05_78.jpg 428,44,642,307,1 291,226,377,292,1 256,143,362,217,1 240,1,435,139,1 167,104,255,184,1 142,376,217,447,1 127,487,174,525,1 164,520,212,563,1 674,227,708,267,1 3,96,175,464,1
/home/mist/yolo3-keras-master/VOCdevkit/VOC2007/JPEGImages/mudESP_025439_2210_RED05_79.jpg 75,539,147,600,0 681,310,762,394,0 48,86,118,163,0
/home/mist/yolo3-keras-master/VOCdevkit/VOC2007/JPEGImages/mudESP_025439_2210_RED05_82.jpg 540,252,751,488,1 655,440,703,478,0 556,136,652,233,1
/home/mist/yolo3-keras-master/VOCdevkit/VOC2007/JPEGImages/mudESP_025439_2210_RED05_83.jpg 630,265,676,317,0
/home/mist/yolo3-keras-master/VOCdevkit/VOC2007/JPEGImages/mudESP_025439_2210_RED05_84.jpg 518,126,617,209,0 704,397,795,501,0 671,153,736,215,0 106,197,267,363,1 6,352,95,464,1
/home/mist/yolo3-keras-master/VOCdevkit/VOC2007/JPEGImages/mudESP_025439_2210_RED05_85.jpg 510,236,572,304,1 515,453,579,507,1 318,433,407,501,1 304,295,373,341,1 345,171,377,214,1 458,187,502,230,1 539,194,575,235,1 512,174,553,212,1 331,90,383,148,1 425,141,463,181,1
/home/mist/yolo3-keras-master/VOCdevkit/VOC2007/JPEGImages/mudESP_025439_2210_RED05_88.jpg 14,311,134,461,1 233,46,421,186,1 453,459,631,596,1
/home/mist/yolo3-keras-master/VOCdevkit/VOC2007/JPEGImages/mudESP_025439_2210_RED05_89.jpg 471,99,540,178,0 293,61,331,101,0 280,354,327,394,0 504,465,604,563,1
/home/mist/yolo3-keras-master/VOCdevkit/VOC2007/JPEGImages/mudESP_025439_2210_RED05_90.jpg 429,209,543,317,1 373,103,426,160,0 195,104,281,189,1
/home/mist/yolo3-keras-master/VOCdevkit/VOC2007/JPEGImages/mudESP_025439_2210_RED05_93.jpg 86,232,126,269,0 343,457,461,574,0 546,15,644,110,0 726,256,798,352,1 614,357,696,436,1
/home/mist/yolo3-keras-master/VOCdevkit/VOC2007/JPEGImages/mudESP_025439_2210_RED05_95.jpg 363,413,588,600,0
/home/mist/yolo3-keras-master/VOCdevkit/VOC2007/JPEGImages/mudESP_040775_2235_RED01_01.jpg 43,58,105,103,1 129,178,170,211,0 199,219,255,272,0 158,280,212,328,0 304,319,352,367,0 372,192,418,236,0 431,209,474,246,0 520,209,549,238,0 211,54,254,90,0 318,76,347,99,0 373,96,398,116,0 512,103,543,133,0 84,134,111,158,0 184,354,221,388,0 50,396,74,420,0 185,531,219,556,0 224,552,247,571,0 288,543,315,573,0 346,487,369,510,0 426,157,454,183,0 568,228,592,252,0 601,289,618,313,0 412,493,431,511,0 316,245,367,282,1 333,284,376,318,1 90,233,143,279,1 82,314,140,363,1 66,367,104,402,1 76,401,100,425,1 75,426,112,467,1 63,466,98,503,1 91,494,107,512,1 127,475,155,504,1 230,502,262,528,0 511,156,552,200,1 462,162,505,216,1 563,193,583,213,1 545,87,571,107,1 451,45,476,69,1 459,274,483,302,1 373,319,408,356,1 417,364,455,412,1 168,97,203,138,1 543,295,564,315,1 435,482,465,514,1 444,567,485,598,1 521,475,553,505,1 543,457,564,478,1 596,449,620,473,1 409,522,445,556,1 471,467,504,500,1 35,140,66,171,1 27,176,60,200,1 439,115,475,147,1
/home/mist/yolo3-keras-master/VOCdevkit/VOC2007/JPEGImages/mudESP_040775_2235_RED01_02.jpg 149,39,180,60,1 153,22,175,42,1 277,69,302,99,1 422,43,474,86,1 474,45,520,86,1 608,1,657,35,1 400,20,422,46,1 380,48,397,69,1 338,85,362,112,1 397,92,419,115,1 569,59,626,115,1 629,81,657,111,1 613,115,640,143,1 609,152,637,178,1 579,141,609,172,1 436,109,477,149,1 344,123,403,178,1 114,131,152,173,1 226,205,256,232,1 228,244,252,272,1 183,280,206,305,1 311,247,360,295,1 383,213,445,275,1 455,209,489,242,1 608,236,650,289,1 275,182,311,217,1 414,276,451,308,1 462,370,518,415,1 250,381,292,428,1 442,427,491,479,1 490,435,531,490,1 517,513,559,553,1 515,510,540,537,0 635,456,681,504,1 367,520,414,559,1 305,552,370,599,1 159,538,200,574,1 130,532,152,566,1 134,396,175,445,1 113,352,146,396,1 152,354,204,396,1 203,426,241,458,1 215,463,254,495,1 356,425,382,459,1 386,401,433,450,1 337,401,368,434,1 86,96,122,139,1 181,145,216,179,1 285,137,316,165,1 147,454,174,480,1 214,568,244,594,1 269,551,299,583,1 211,48,260,91,1 523,185,560,218,0 486,254,529,296,0 178,86,224,124,0 278,24,317,56,0 486,96,523,133,0 493,134,526,160,0 517,90,571,135,0 611,359,629,379,0 527,425,557,448,0 607,440,635,466,0 167,339,186,358,0 194,331,215,352,0 134,247,167,275,0 444,305,485,347,0 443,342,467,360,0 481,311,507,342,0 166,69,192,96,1 421,183,446,204,0
/home/mist/yolo3-keras-master/VOCdevkit/VOC2007/JPEGImages/mudESP_040775_2235_RED01_03.jpg 603,142,691,222,0 676,109,744,175,0 647,261,679,294,0 396,354,431,388,0 590,407,619,435,0 403,297,425,322,0 170,276,197,303,0 168,34,191,54,0 272,12,300,37,0 263,70,319,123,1 326,111,378,161,1 368,150,417,200,1 466,158,492,189,1 445,282,500,336,1 423,238,460,274,1 423,328,448,354,1 203,176,244,211,1 429,132,448,154,1 560,57,600,99,1 614,29,636,58,1 618,54,648,80,1 554,5,588,35,1 689,86,716,110,1 629,1,683,40,1 325,65,345,85,1 412,114,435,136,1 196,84,219,103,1 633,571,655,591,0 231,7,274,46,1 504,10,537,39,1 491,12,507,30,0
/home/mist/yolo3-keras-master/VOCdevkit/VOC2007/JPEGImages/mudESP_040775_2235_RED02_01.jpg 68,118,218,196,1 170,268,224,315,0 264,357,337,421,0 342,200,409,264,1 427,110,499,178,0 52,337,107,395,1 286,195,352,257,1 399,436,513,544,0 621,150,690,207,0 743,383,800,466,0 748,192,790,234,0 634,478,732,559,1 295,132,342,169,0 172,456,286,552,1 111,495,178,554,0 291,94,338,124,1 75,290,135,335,1 291,407,334,446,0
/home/mist/yolo3-keras-master/VOCdevkit/VOC2007/JPEGImages/mudESP_040775_2235_RED02_03.jpg 364,112,443,180,0 313,1,425,53,0 607,37,704,142,0 445,500,500,545,0 570,483,632,543,0 692,374,737,422,0 465,398,525,454,0 374,462,434,504,0 100,192,151,241,0 521,353,561,397,1 250,349,318,406,1 182,383,220,418,1 151,246,237,331,1 119,333,196,406,1 150,471,200,520,1 500,80,541,122,1 84,38,143,88,1 94,101,139,144,1 138,132,209,201,1 145,197,199,240,1 99,231,146,274,1 209,116,256,177,1 361,261,453,333,1 735,35,787,94,1 326,188,397,239,1 200,17,279,105,1 166,50,235,129,1 670,1,747,39,1 434,81,486,131,1
/home/mist/yolo3-keras-master/VOCdevkit/VOC2007/JPEGImages/mudESP_040775_2235_RED02_05.jpg 171,195,244,264,1 298,51,369,117,1 423,96,524,177,1 554,137,605,201,1 670,163,730,224,1 693,234,798,348,1 543,354,627,428,1 629,495,712,584,1 455,413,513,464,1 137,18,202,81,1 573,269,640,328,1 499,238,560,297,1 230,275,309,346,1 328,130,395,191,1 356,172,443,250,0 269,494,331,545,0 565,155,592,188,0 597,90,641,127,0 715,21,762,62,0 406,497,437,520,0 745,528,782,561,0 476,329,513,364,0 373,269,427,325,1
/home/mist/yolo3-keras-master/VOCdevkit/VOC2007/JPEGImages/mudESP_040775_2235_RED02_06.jpg 359,273,421,341,1 427,307,466,354,1 408,518,485,570,1 430,470,514,527,1 121,422,174,473,1 171,442,214,485,1 39,552,104,600,1 2,434,99,553,1 79,234,154,295,1 49,86,148,174,1 150,16,193,64,1 416,3,515,78,1 7,44,56,95,1 468,168,509,218,1 436,238,476,277,1 338,112,442,228,1 154,85,227,150,1 163,506,246,584,0 240,561,281,592,0 248,369,321,433,0 36,397,84,442,0 189,269,254,319,0 170,191,239,267,0 236,179,336,275,0 255,95,299,137,0 186,1,226,36,1 2,185,40,231,1
/home/mist/yolo3-keras-master/VOCdevkit/VOC2007/JPEGImages/mudESP_040775_2235_RED02_07.jpg 224,106,297,194,1 259,188,337,282,1 290,310,344,363,1 324,476,388,550,1 257,471,308,522,1 399,252,471,321,1 467,258,501,299,1 509,155,579,236,1 501,240,565,299,1 427,194,481,245,1 448,98,526,175,1 679,198,735,259,1 709,247,768,313,1 591,8,624,46,1 304,108,393,196,1 430,535,486,585,1 619,505,731,600,1 743,432,800,519,1 576,410,604,441,1 621,152,692,229,1 439,310,515,379,1 530,487,607,555,1 328,73,375,116,0 383,64,429,102,0 676,132,708,161,0 680,468,712,494,0 313,292,344,320,0 257,9,292,43,1
/home/mist/yolo3-keras-master/VOCdevkit/VOC2007/JPEGImages/mudESP_040775_2235_RED02_08.jpg 177,281,266,377,1 93,257,177,361,1 1,210,56,300,1 125,142,208,217,1 468,310,565,411,1 395,96,436,144,1 424,119,465,156,0 413,280,467,331,0 256,246,314,298,0 224,426,271,470,0 52,435,85,465,0 515,410,586,475,1 84,85,134,126,0 92,11,168,95,0 163,18,217,91,0 15,295,41,322,0
/home/mist/yolo3-keras-master/VOCdevkit/VOC2007/JPEGImages/mudESP_040775_2235_RED02_10.jpg 411,287,574,438,0 559,221,688,351,0 496,526,562,578,0 242,473,280,509,0 183,24,213,61,0 427,65,474,111,1 438,111,486,152,1 291,8,371,67,1 367,33,400,63,1 286,108,337,164,1 335,118,398,198,1 126,315,181,365,1 48,265,90,304,1 25,229,64,268,1 6,211,34,238,1 49,479,114,539,1 572,162,630,215,1 217,24,268,76,1
/home/mist/yolo3-keras-master/VOCdevkit/VOC2007/JPEGImages/mudESP_040775_2235_RED02_12.jpg 382,218,443,275,0 1,109,60,171,0 469,544,504,575,0 490,120,519,150,0 92,2,198,68,1 43,58,90,101,1 7,1,53,35,0 318,44,354,83,1
/home/mist/yolo3-keras-master/VOCdevkit/VOC2007/JPEGImages/mudESP_040775_2235_RED03_02.jpg 149,233,230,294,0 483,469,557,543,0 328,294,383,346,0 740,311,800,409,0 548,134,627,209,1 587,488,713,600,1 446,247,494,289,1 370,334,434,389,1
/home/mist/yolo3-keras-master/VOCdevkit/VOC2007/JPEGImages/mudESP_040775_2235_RED03_04.jpg 470,243,631,371,0 609,54,764,215,0 551,463,651,559,0 387,502,439,549,0 174,141,263,224,0 516,27,581,90,0 276,98,414,230,1 305,348,409,436,1 270,415,348,484,1 204,492,310,593,1 151,456,206,516,1 146,391,201,444,1 757,422,800,479,1 314,483,384,568,1 85,81,137,139,1 61,97,92,147,0 439,13,499,68,0 466,156,507,199,0
/home/mist/yolo3-keras-master/VOCdevkit/VOC2007/JPEGImages/mudESP_040775_2235_RED03_05.jpg 121,363,252,497,0 513,230,580,303,0 396,90,541,228,0 499,35,612,136,0 320,1,444,104,0 715,131,742,160,0 124,91,169,144,0 201,220,325,352,1 165,128,294,251,1 314,355,382,420,1 583,224,659,301,1 458,480,512,534,1 459,535,567,600,1 594,539,652,591,1 306,112,350,153,1 641,81,686,142,1 657,318,702,356,1
/home/mist/yolo3-keras-master/VOCdevkit/VOC2007/JPEGImages/mudESP_040775_2235_RED03_07.jpg 386,223,470,317,1 278,276,337,333,1 232,407,288,474,1 282,460,361,537,1 538,325,617,396,1 192,204,295,304,1 136,136,229,225,1 241,74,341,189,1 230,7,301,67,1 556,108,646,184,1 698,109,734,153,1 506,10,588,70,1 696,301,782,384,0 670,454,732,510,0 415,514,456,555,0 569,396,644,457,0 154,1,225,57,0
/home/mist/yolo3-keras-master/VOCdevkit/VOC2007/JPEGImages/mudESP_040775_2235_RED03_08.jpg 438,274,492,327,0 64,428,144,506,0 245,263,312,329,0 537,37,578,76,0 542,498,644,600,1 432,359,548,469,1 498,250,591,337,1 554,333,607,371,1 547,396,598,442,1 684,374,770,452,1 620,208,710,295,1 723,128,790,198,1 306,286,403,374,1
/home/mist/yolo3-keras-master/VOCdevkit/VOC2007/JPEGImages/mudESP_040775_2235_RED03_10.jpg 491,200,580,283,1 312,483,377,550,1 367,427,446,504,1 465,119,522,170,1 463,75,523,124,1 464,34,509,74,1 558,401,629,473,1 554,264,656,363,0 657,154,741,231,0 718,495,765,544,0 529,122,556,151,0 274,300,359,368,1 212,25,293,113,1
/home/mist/yolo3-keras-master/VOCdevkit/VOC2007/JPEGImages/mudESP_040775_2235_RED03_11.jpg 30,211,115,295,1 202,242,295,337,1 367,247,470,349,1 455,124,614,250,1 341,159,391,206,1 247,360,394,506,1 346,336,411,396,0 65,407,153,485,1 46,552,119,600,1 522,327,636,447,1 643,130,737,237,1 403,67,471,140,1 688,399,780,472,0 662,287,751,397,0 40,73,177,191,0 676,2,742,57,1 475,559,527,600,0 124,328,175,376,1
/home/mist/yolo3-keras-master/VOCdevkit/VOC2007/JPEGImages/mudESP_040775_2235_RED03_14.jpg 151,155,263,262,1 449,225,553,325,1 531,427,603,480,0 546,312,651,444,0 642,328,725,429,0 656,162,775,283,0 763,239,800,290,0 317,196,371,233,0 382,424,435,472,0 93,320,141,355,1 270,133,311,167,1 366,47,541,219,1 458,2,536,63,1 595,518,719,600,1 573,29,658,117,1 653,59,715,129,1 140,509,241,589,1 143,79,198,125,0
/home/mist/yolo3-keras-master/VOCdevkit/VOC2007/JPEGImages/mudESP_040775_2235_RED03_17.jpg 308,353,435,485,1 472,352,519,396,0 743,337,800,402,0 424,146,462,176,0 223,402,267,436,0 10,436,111,542,1 58,317,103,361,1 63,382,99,413,1 259,74,357,165,1 357,7,480,141,1 208,7,303,89,1 540,89,663,245,1 670,116,796,266,1 543,425,594,479,1 118,448,303,600,1
/home/mist/yolo3-keras-master/VOCdevkit/VOC2007/JPEGImages/mudESP_040775_2235_RED03_18.jpg 304,159,441,307,1 217,123,301,199,0 2,72,62,148,0
/home/mist/yolo3-keras-master/VOCdevkit/VOC2007/JPEGImages/mudESP_040775_2235_RED03_20.jpg 195,316,339,478,1 313,419,465,600,1 590,469,675,552,1 731,525,786,588,1 487,400,540,457,1 443,337,504,408,1 403,311,453,359,1 14,203,155,355,1 7,7,116,113,1 118,59,165,112,1 172,201,246,262,1 673,39,721,91,0 604,354,660,407,1 78,532,106,551,0
/home/mist/yolo3-keras-master/VOCdevkit/VOC2007/JPEGImages/mudESP_040775_2235_RED03_23.jpg 541,248,691,407,1 394,463,487,551,0 471,386,534,452,1 415,297,480,354,0 468,117,571,212,1 35,78,73,111,0
/home/mist/yolo3-keras-master/VOCdevkit/VOC2007/JPEGImages/mudESP_040775_2235_RED03_24.jpg 342,186,431,267,0 336,484,372,519,0
/home/mist/yolo3-keras-master/VOCdevkit/VOC2007/JPEGImages/mudESP_040775_2235_RED03_26.jpg 180,560,233,600,0 273,200,320,244,0
/home/mist/yolo3-keras-master/VOCdevkit/VOC2007/JPEGImages/mudESP_040775_2235_RED03_27.jpg 173,29,264,103,0 310,517,356,563,0
/home/mist/yolo3-keras-master/VOCdevkit/VOC2007/JPEGImages/mudESP_040775_2235_RED04_01.jpg 153,235,421,403,1 587,262,673,335,0 591,190,668,240,1 344,545,444,600,0 565,391,692,517,1 684,385,799,531,1
/home/mist/yolo3-keras-master/VOCdevkit/VOC2007/JPEGImages/mudESP_040775_2235_RED04_02.jpg 62,230,193,346,0 459,308,576,397,0 706,389,782,465,0 593,204,643,258,1 529,395,601,461,1 419,330,463,376,1
/home/mist/yolo3-keras-master/VOCdevkit/VOC2007/JPEGImages/mudESP_040775_2235_RED04_03.jpg 447,417,565,535,1 59,327,130,392,1 190,165,311,285,1 673,270,768,367,1 560,292,679,424,1
/home/mist/yolo3-keras-master/VOCdevkit/VOC2007/JPEGImages/mudESP_040775_2235_RED04_05.jpg 229,385,352,507,0 535,118,673,246,0 592,219,660,283,0 696,237,773,317,0 628,408,678,464,0 359,322,562,506,1 108,88,223,195,1 135,204,177,249,1
/home/mist/yolo3-keras-master/VOCdevkit/VOC2007/JPEGImages/mudESP_040775_2235_RED04_06.jpg 10,279,223,478,0 428,304,551,401,0 692,180,800,333,0 173,134,230,183,0 481,369,671,539,1 674,346,736,400,1 607,152,656,201,1 489,1,530,42,1 442,408,479,449,1
/home/mist/yolo3-keras-master/VOCdevkit/VOC2007/JPEGImages/mudESP_040775_2235_RED04_07.jpg 115,27,213,128,0 487,241,587,354,0 680,312,758,392,0 137,241,270,375,0 4,323,184,497,0 456,12,615,202,1 323,331,369,388,1 229,492,347,596,1 647,163,732,228,1 136,506,249,598,1 416,374,457,410,0
/home/mist/yolo3-keras-master/VOCdevkit/VOC2007/JPEGImages/mudESP_040775_2235_RED04_09.jpg 345,137,473,241,1 384,68,532,183,1 172,63,275,137,1 188,134,269,196,1 198,207,275,291,1 275,258,421,398,1 425,242,511,346,1 318,405,401,487,1 204,386,294,479,0 737,230,800,338,0 517,264,582,333,0
/home/mist/yolo3-keras-master/VOCdevkit/VOC2007/JPEGImages/mudESP_040775_2235_RED04_10.jpg 427,86,601,259,0 382,231,454,312,1 206,161,287,244,1 74,162,169,263,1 1,233,67,344,0 676,76,775,161,1
/home/mist/yolo3-keras-master/VOCdevkit/VOC2007/JPEGImages/mudESP_040775_2235_RED04_11.jpg 62,255,223,448,1 28,386,71,428,1 174,445,241,504,1 254,312,353,424,1 488,429,577,512,1 355,204,452,280,0 523,70,695,218,1 337,27,406,77,1
/home/mist/yolo3-keras-master/VOCdevkit/VOC2007/JPEGImages/mudESP_040775_2235_RED04_14.jpg 349,372,463,481,0 88,407,176,481,0 127,211,240,305,0 592,152,676,240,0 1,326,62,408,0 675,158,793,308,1 20,256,70,299,1 504,170,560,225,1
/home/mist/yolo3-keras-master/VOCdevkit/VOC2007/JPEGImages/mudESP_040775_2235_RED04_15.jpg 51,168,122,239,0 654,225,719,282,0 34,290,175,432,1 190,334,253,391,1 193,474,328,600,1 369,286,485,417,1 549,369,668,481,1 490,103,603,208,1 321,15,441,112,1 279,99,405,193,1 569,29,635,99,1 637,52,673,103,1 675,54,797,235,1 208,243,271,300,1 40,53,249,282,1
/home/mist/yolo3-keras-master/VOCdevkit/VOC2007/JPEGImages/mudESP_040775_2235_RED04_17.jpg 617,155,702,229,1 617,95,692,156,1 644,264,774,380,1 360,398,481,501,1 707,167,738,198,0
/home/mist/yolo3-keras-master/VOCdevkit/VOC2007/JPEGImages/mudESP_040775_2235_RED04_18.jpg 301,282,409,395,1 537,320,674,451,1 727,218,787,288,1 54,192,241,357,1 731,448,797,528,0 315,96,448,211,0
/home/mist/yolo3-keras-master/VOCdevkit/VOC2007/JPEGImages/mudESP_040775_2235_RED04_19.jpg 347,392,475,529,0 475,352,680,551,0 380,537,502,600,0 90,160,286,331,1 1,373,83,471,1 324,178,451,300,1 118,322,224,391,1 19,88,104,206,1 365,1,460,76,1 159,441,321,585,1
/home/mist/yolo3-keras-master/VOCdevkit/VOC2007/JPEGImages/mudESP_040775_2235_RED04_22.jpg 312,133,457,270,1 113,242,207,319,1 451,407,619,555,1 113,376,221,480,1 161,60,219,122,0 90,520,171,584,0 24,396,70,439,0 682,458,762,514,0
/home/mist/yolo3-keras-master/VOCdevkit/VOC2007/JPEGImages/mudESP_040775_2235_RED04_23.jpg 5,258,209,508,1 75,198,174,274,0 98,150,163,203,0 500,144,626,268,0 345,413,502,573,0 480,520,556,582,0 69,507,216,600,1 226,234,345,353,1 336,286,425,375,1
/home/mist/yolo3-keras-master/VOCdevkit/VOC2007/JPEGImages/mudESP_040775_2235_RED04_26.jpg 110,215,251,337,1 209,315,359,507,1 552,390,675,512,1 617,507,739,600,1 440,283,596,457,1 558,272,613,316,0 18,505,157,600,1 392,22,453,74,1
/home/mist/yolo3-keras-master/VOCdevkit/VOC2007/JPEGImages/mudESP_040775_2235_RED04_27.jpg 509,494,622,589,0 176,168,267,245,0 184,16,329,197,0 323,40,431,169,0 269,281,438,443,1 3,407,109,592,1 193,519,358,600,1 2,165,50,234,0
/home/mist/yolo3-keras-master/VOCdevkit/VOC2007/JPEGImages/mudESP_040775_2235_RED04_30.jpg 451,418,651,600,1 274,398,409,511,1 68,464,181,571,1 8,416,66,491,1 343,303,403,356,1 348,223,406,279,1 60,32,241,162,1 683,264,800,449,1 569,337,623,381,0 176,282,231,333,1
/home/mist/yolo3-keras-master/VOCdevkit/VOC2007/JPEGImages/mudESP_040775_2235_RED04_31.jpg 457,252,543,339,0 102,268,161,328,0 201,378,254,430,1 357,1,545,154,1 177,2,353,117,1 35,1,82,33,0
/home/mist/yolo3-keras-master/VOCdevkit/VOC2007/JPEGImages/mudESP_040775_2235_RED04_34.jpg 282,267,479,467,1 2,329,71,413,1 39,400,112,462,1 179,477,276,571,1 534,428,718,597,1 503,256,588,345,1 285,7,435,147,1 431,90,477,139,1 113,1,309,192,1 143,412,191,457,1 463,1,618,79,1
/home/mist/yolo3-keras-master/VOCdevkit/VOC2007/JPEGImages/mudESP_040775_2235_RED04_35.jpg 579,224,795,395,1 597,14,731,119,1 732,67,787,119,1 56,458,137,534,1 118,540,185,600,1 10,416,70,480,1 288,479,338,526,1 370,56,423,113,0 447,55,515,122,0
/home/mist/yolo3-keras-master/VOCdevkit/VOC2007/JPEGImages/mudESP_040775_2235_RED04_36.jpg 335,459,554,600,0 51,127,149,230,1 82,230,186,315,1 208,181,267,240,0 350,328,449,428,1
/home/mist/yolo3-keras-master/VOCdevkit/VOC2007/JPEGImages/mudESP_040775_2235_RED04_38.jpg 328,220,419,302,1 55,107,167,217,1 192,179,248,232,1 313,307,387,367,1 684,35,800,195,1 65,211,125,264,0 374,109,404,135,0 329,87,345,104,0 121,10,153,29,0 168,43,223,94,0 221,430,245,456,0
/home/mist/yolo3-keras-master/VOCdevkit/VOC2007/JPEGImages/mudESP_040775_2235_RED04_39.jpg 501,362,553,411,0 100,367,232,477,1 260,23,370,135,1 438,104,520,191,1
/home/mist/yolo3-keras-master/VOCdevkit/VOC2007/JPEGImages/mudESP_040775_2235_RED04_40.jpg 30,1,342,265,0 211,179,238,213,0 226,301,271,331,0 198,454,298,557,0
/home/mist/yolo3-keras-master/VOCdevkit/VOC2007/JPEGImages/mudESP_040775_2235_RED04_43.jpg 188,2,381,137,1 641,90,719,172,1 693,179,750,233,1 2,220,112,332,0 96,115,180,207,1 14,3,97,70,0
/home/mist/yolo3-keras-master/VOCdevkit/VOC2007/JPEGImages/mudESP_040775_2235_RED04_44.jpg 181,243,233,289,0 179,195,198,213,0 1,446,68,538,0
/home/mist/yolo3-keras-master/VOCdevkit/VOC2007/JPEGImages/mudESP_040775_2235_RED04_46.jpg 506,548,577,600,0 631,64,686,125,0 43,45,159,157,1
/home/mist/yolo3-keras-master/VOCdevkit/VOC2007/JPEGImages/mudESP_040775_2235_RED04_48.jpg 143,491,208,546,0
/home/mist/yolo3-keras-master/VOCdevkit/VOC2007/JPEGImages/mudESP_040775_2235_RED05_01.jpg 178,297,512,500,1
/home/mist/yolo3-keras-master/VOCdevkit/VOC2007/JPEGImages/mudESP_040775_2235_RED05_02.jpg 279,289,439,434,0
/home/mist/yolo3-keras-master/VOCdevkit/VOC2007/JPEGImages/mudESP_040775_2235_RED05_03.jpg 276,492,378,572,0 1,387,121,499,0 679,240,744,308,0 476,408,562,480,1
/home/mist/yolo3-keras-master/VOCdevkit/VOC2007/JPEGImages/mudESP_040775_2235_RED05_06.jpg 427,74,556,180,0 144,266,268,384,1 668,294,800,451,0 167,410,230,458,1 193,122,329,230,1
/home/mist/yolo3-keras-master/VOCdevkit/VOC2007/JPEGImages/mudESP_040775_2235_RED05_07.jpg 419,319,480,375,0 386,207,432,252,0 76,447,154,524,0
/home/mist/yolo3-keras-master/VOCdevkit/VOC2007/JPEGImages/mudESP_040775_2235_RED05_08.jpg 263,372,469,569,0 541,183,651,297,0 560,451,753,600,0 327,131,407,207,1 163,341,214,400,1 526,72,577,123,1 646,12,729,96,0 14,146,73,204,1
/home/mist/yolo3-keras-master/VOCdevkit/VOC2007/JPEGImages/mudESP_040775_2235_RED05_09.jpg 175,145,363,400,1 206,455,335,575,0 406,354,499,436,1 456,541,558,600,0 423,61,542,176,0 541,251,597,305,0 88,296,146,359,1 2,498,112,597,1 200,98,240,136,1 80,181,123,223,1 358,129,496,247,1
/home/mist/yolo3-keras-master/VOCdevkit/VOC2007/JPEGImages/mudESP_040775_2235_RED05_11.jpg 289,35,448,179,0 509,396,676,525,1 440,395,582,600,1 518,359,566,397,1 453,2,690,178,1 684,543,742,592,0 214,376,338,472,1
/home/mist/yolo3-keras-master/VOCdevkit/VOC2007/JPEGImages/mudESP_040775_2235_RED05_12.jpg 207,1,461,147,0 3,208,240,421,0 458,498,552,590,1 1,68,46,126,0
/home/mist/yolo3-keras-master/VOCdevkit/VOC2007/JPEGImages/mudESP_040775_2235_RED05_13.jpg 71,191,282,390,1 4,15,224,199,1 2,404,135,600,0 254,390,373,479,1 395,1,634,171,0 592,192,688,300,0 707,175,799,294,1
/home/mist/yolo3-keras-master/VOCdevkit/VOC2007/JPEGImages/mudESP_040775_2235_RED05_14.jpg 614,253,702,354,0 365,390,482,474,1 300,456,431,565,1 324,267,415,359,1 121,21,178,65,0 30,331,90,389,1 265,153,319,207,1
/home/mist/yolo3-keras-master/VOCdevkit/VOC2007/JPEGImages/mudESP_040775_2235_RED05_16.jpg 254,180,377,298,0 339,28,524,196,1 385,200,496,309,1 252,1,337,64,1 396,322,563,523,1 646,35,726,110,0 535,12,635,120,1
/home/mist/yolo3-keras-master/VOCdevkit/VOC2007/JPEGImages/mudESP_040775_2235_RED05_17.jpg 126,9,287,129,0 353,375,414,437,1 675,1,771,94,1
/home/mist/yolo3-keras-master/VOCdevkit/VOC2007/JPEGImages/mudESP_040775_2235_RED05_18.jpg 475,80,679,253,1 424,181,482,234,1 623,258,696,328,1 714,93,800,190,1
/home/mist/yolo3-keras-master/VOCdevkit/VOC2007/JPEGImages/mudESP_040775_2235_RED05_19.jpg 314,476,395,571,1 590,450,687,553,1 436,322,529,411,1 206,234,301,319,1 10,462,147,584,1 371,335,406,367,0
/home/mist/yolo3-keras-master/VOCdevkit/VOC2007/JPEGImages/mudESP_040775_2235_RED05_21.jpg 381,280,492,381,1 464,71,552,148,1 651,2,786,111,1 478,372,590,491,1 317,1,487,124,1
/home/mist/yolo3-keras-master/VOCdevkit/VOC2007/JPEGImages/mudESP_040775_2235_RED05_22.jpg 147,261,276,359,0 320,358,419,450,0 635,320,768,438,0 367,113,489,224,0 102,149,223,256,1 231,173,284,224,1
/home/mist/yolo3-keras-master/VOCdevkit/VOC2007/JPEGImages/mudESP_040775_2235_RED05_23.jpg 462,62,549,150,0 143,40,242,144,0 625,426,798,600,1 433,202,638,391,1 632,257,720,345,1 654,148,735,216,1 243,81,404,222,1
/home/mist/yolo3-keras-master/VOCdevkit/VOC2007/JPEGImages/mudESP_040775_2235_RED05_24.jpg 277,308,435,446,1 424,130,499,201,0 66,219,214,377,1 221,1,370,113,1 3,3,114,101,1 394,1,632,139,1 710,15,800,126,0
/home/mist/yolo3-keras-master/VOCdevkit/VOC2007/JPEGImages/mudESP_040775_2235_RED05_27.jpg 580,353,721,492,1 42,340,177,462,1 114,436,304,600,0 1,196,80,293,1 87,208,119,245,0
/home/mist/yolo3-keras-master/VOCdevkit/VOC2007/JPEGImages/mudESP_040775_2235_RED05_28.jpg 517,200,767,425,1 369,457,507,573,1 60,410,247,561,1 416,125,526,236,1 300,271,399,350,1 557,403,674,492,1
/home/mist/yolo3-keras-master/VOCdevkit/VOC2007/JPEGImages/mudESP_040775_2235_RED05_29.jpg 476,275,708,569,1 546,115,670,229,1 244,247,348,339,0 55,4,165,82,1
/home/mist/yolo3-keras-master/VOCdevkit/VOC2007/JPEGImages/mudESP_040775_2235_RED05_32.jpg 346,452,447,542,1 606,331,731,455,1 127,181,310,313,1 646,80,790,215,1
/home/mist/yolo3-keras-master/VOCdevkit/VOC2007/JPEGImages/mudESP_040775_2235_RED05_33.jpg 116,3,406,316,1 690,453,800,581,1 517,336,616,407,0 495,409,610,497,0
/home/mist/yolo3-keras-master/VOCdevkit/VOC2007/JPEGImages/mudESP_040775_2235_RED05_34.jpg 509,100,651,265,1 661,167,772,279,1 696,7,773,86,1 226,256,324,331,1 14,502,140,600,1 74,74,216,189,0 227,335,381,480,0 169,316,193,341,1 475,272,506,300,1
/home/mist/yolo3-keras-master/VOCdevkit/VOC2007/JPEGImages/mudESP_040775_2235_RED05_38.jpg 477,186,667,348,1 332,4,621,166,1 264,129,342,184,0 643,325,799,534,0 618,515,737,593,0 364,506,460,585,0 2,72,189,258,1
/home/mist/yolo3-keras-master/VOCdevkit/VOC2007/JPEGImages/mudESP_040775_2235_RED05_39.jpg 200,202,291,279,0 35,74,229,257,0 630,116,787,233,1 6,356,138,501,0
/home/mist/yolo3-keras-master/VOCdevkit/VOC2007/JPEGImages/mudESP_040775_2235_RED05_42.jpg 226,325,378,492,1 451,89,671,407,1 312,1,519,131,1 16,91,129,191,1 260,180,410,303,1 1,436,56,493,0 699,257,738,300,0
/home/mist/yolo3-keras-master/VOCdevkit/VOC2007/JPEGImages/mudESP_040775_2235_RED05_43.jpg 337,194,542,428,1 164,319,317,468,1 95,219,238,339,1 627,325,800,594,1 443,443,496,491,0 229,185,354,312,1 72,504,106,537,0
/home/mist/yolo3-keras-master/VOCdevkit/VOC2007/JPEGImages/mudESP_040775_2235_RED05_47.jpg 641,131,710,194,1 565,337,698,486,1 287,430,424,563,1 210,377,281,451,1 4,267,208,494,1 57,343,107,395,0 382,195,523,330,1
/home/mist/yolo3-keras-master/VOCdevkit/VOC2007/JPEGImages/mudESP_040775_2235_RED05_48.jpg 254,187,464,404,1 531,189,601,252,0 1,362,223,600,1 121,279,175,326,0
/home/mist/yolo3-keras-master/VOCdevkit/VOC2007/JPEGImages/mudESP_040775_2235_RED05_49.jpg 171,166,282,268,0 578,529,636,582,1
/home/mist/yolo3-keras-master/VOCdevkit/VOC2007/JPEGImages/mudESP_040775_2235_RED05_52.jpg 56,180,149,253,0 192,423,281,501,1 248,483,337,572,1 556,353,785,583,1 347,4,737,234,1 740,116,787,179,1 575,75,668,163,0 376,520,437,570,1
/home/mist/yolo3-keras-master/VOCdevkit/VOC2007/JPEGImages/mudESP_040775_2235_RED05_53.jpg 419,515,484,580,1
/home/mist/yolo3-keras-master/VOCdevkit/VOC2007/JPEGImages/mudESP_040775_2235_RED05_54.jpg 315,273,434,415,1 442,295,603,454,1 646,170,789,296,1 357,27,516,152,1 518,82,590,155,1 685,286,800,389,1 60,71,140,140,0 160,71,240,152,0 397,518,414,539,0 524,5,625,87,1
/home/mist/yolo3-keras-master/VOCdevkit/VOC2007/JPEGImages/mudESP_040775_2235_RED05_55.jpg 60,228,133,295,0 247,411,369,541,1 284,228,302,246,0 96,38,197,129,1
/home/mist/yolo3-keras-master/VOCdevkit/VOC2007/JPEGImages/mudESP_040775_2235_RED05_57.jpg 280,415,357,475,0 670,289,707,320,0 375,37,415,72,0 598,415,713,515,1 259,268,408,376,1 447,389,509,440,1 610,257,634,278,0 47,166,78,196,0 106,57,139,87,0
/home/mist/yolo3-keras-master/VOCdevkit/VOC2007/JPEGImages/mudESP_040775_2235_RED05_58.jpg 243,139,530,406,1 171,319,242,385,1 46,2,270,208,1 535,71,641,163,1
/home/mist/yolo3-keras-master/VOCdevkit/VOC2007/JPEGImages/mudESP_040775_2235_RED05_60.jpg 188,1,515,263,0 1,124,252,494,0 60,376,105,415,0 82,523,144,560,0
/home/mist/yolo3-keras-master/VOCdevkit/VOC2007/JPEGImages/mudESP_040775_2235_RED05_63.jpg 417,297,521,385,0 641,211,800,480,1 513,444,630,561,1 519,24,693,151,1
/home/mist/yolo3-keras-master/VOCdevkit/VOC2007/JPEGImages/mudESP_040775_2235_RED05_65.jpg 50,122,176,241,0
/home/mist/yolo3-keras-master/VOCdevkit/VOC2007/JPEGImages/mudESP_040775_2235_RED05_68.jpg 384,2,542,115,0
/home/mist/yolo3-keras-master/VOCdevkit/VOC2007/JPEGImages/mudESP_040775_2235_RED05_69.jpg 565,255,691,372,0
/home/mist/yolo3-keras-master/VOCdevkit/VOC2007/JPEGImages/mudESP_040775_2235_RED05_70.jpg 27,8,95,61,0
/home/mist/yolo3-keras-master/VOCdevkit/VOC2007/JPEGImages/mudESP_040775_2235_RED05_73.jpg 32,533,119,600,0 560,15,582,35,0 433,192,452,211,0
/home/mist/yolo3-keras-master/VOCdevkit/VOC2007/JPEGImages/mudESP_040775_2235_RED05_75.jpg 2,465,54,531,0
/home/mist/yolo3-keras-master/VOCdevkit/VOC2007/JPEGImages/mudESP_040775_2235_RED03_21.jpg 432,337,635,525,0 219,433,465,599,0 357,135,402,180,0 458,250,543,325,1 224,98,321,169,1 258,168,341,233,1 24,167,108,252,1 114,177,204,292,1 53,15,145,93,1 147,51,196,90,1
