crater 0.9301 374 303 401 332
crater 0.9208 505 448 533 485
crater 0.8798 766 312 800 376
crater 0.8204 481 257 511 298
crater 0.5467 514 359 549 399
crater 0.2372 611 557 661 599
crater 0.2273 555 16 614 66
crater 0.0604 706 339 734 377
crater 0.0584 645 559 697 600
cone 0.9902 226 171 285 241
cone 0.9900 521 0 638 96
cone 0.9832 306 0 359 45
cone 0.9764 352 78 439 164
cone 0.9703 384 498 434 556
cone 0.7941 657 488 788 600
cone 0.7624 629 0 800 76
cone 0.2775 575 326 641 406
cone 0.2387 536 322 582 378
cone 0.2162 740 0 792 71
cone 0.1064 742 518 797 600
cone 0.0863 376 10 404 46
cone 0.0763 365 63 415 116
cone 0.0625 605 552 665 599
