crater 0.9941 471 181 533 274
crater 0.9907 369 337 421 403
crater 0.9377 166 279 214 329
crater 0.8842 160 549 229 600
crater 0.1191 300 0 368 31
crater 0.0713 149 212 189 263
crater 0.0548 3 204 20 278
cone 0.5879 369 37 476 174
cone 0.3918 5 77 68 173
cone 0.3507 433 59 491 145
cone 0.2315 226 150 274 230
cone 0.1866 6 540 71 600
cone 0.1734 3 202 20 278
cone 0.1459 3 119 23 218
cone 0.1436 281 51 325 114
cone 0.0793 1 351 24 448
cone 0.0779 17 408 111 523
cone 0.0722 297 0 372 33
cone 0.0682 406 551 496 600
