crater 0.9978 635 166 731 271
crater 0.9976 397 525 501 598
crater 0.9793 263 402 335 477
crater 0.9485 442 196 499 260
crater 0.5125 741 539 785 585
crater 0.2579 116 427 189 496
crater 0.1578 707 462 748 522
crater 0.1255 568 557 619 600
crater 0.0992 30 437 64 504
crater 0.0841 61 220 141 321
cone 0.9758 129 177 311 302
cone 0.9567 438 139 496 183
cone 0.8530 528 289 604 432
cone 0.7668 450 288 536 400
cone 0.5430 86 496 165 590
cone 0.2274 759 175 800 284
cone 0.2273 121 425 199 501
cone 0.1630 498 306 565 402
cone 0.1215 567 555 620 600
cone 0.1070 527 563 584 600
cone 0.0887 739 409 774 457
cone 0.0536 704 447 747 518
