crater 0.9955 415 144 485 221
crater 0.9862 431 342 480 405
crater 0.9850 499 411 551 472
crater 0.9243 675 243 721 290
crater 0.8818 585 395 637 445
crater 0.8648 617 141 651 185
crater 0.4138 708 475 759 541
crater 0.2784 565 242 612 299
cone 0.9959 466 460 585 592
cone 0.9914 342 451 438 578
cone 0.9847 686 25 746 95
cone 0.9807 308 329 357 418
cone 0.9213 385 308 437 369
cone 0.8309 677 467 781 568
cone 0.7944 305 258 346 303
cone 0.6449 690 132 753 214
cone 0.5248 334 390 392 464
cone 0.3305 748 517 797 600
cone 0.2863 525 223 605 312
cone 0.1885 590 405 640 451
cone 0.0971 672 94 716 154
cone 0.0926 398 560 513 600
cone 0.0833 531 458 601 553
