crater 0.9803 758 332 800 419
crater 0.8764 212 75 275 164
crater 0.6539 249 494 298 570
crater 0.1857 762 0 794 55
crater 0.1681 552 486 607 558
crater 0.1506 747 555 796 597
crater 0.1294 765 423 793 501
crater 0.0857 261 403 294 442
crater 0.0511 770 30 800 94
cone 0.9973 517 102 623 214
cone 0.9950 262 70 402 213
cone 0.9801 316 351 385 424
cone 0.9738 366 402 462 531
cone 0.9551 356 0 437 59
cone 0.9386 368 169 435 246
cone 0.8052 249 400 282 440
cone 0.6729 701 208 800 355
cone 0.5345 734 522 794 598
cone 0.1742 545 480 607 568
cone 0.1525 594 0 633 42
cone 0.1268 521 531 576 591
cone 0.1137 762 1 794 54
cone 0.1092 197 0 289 35
cone 0.0512 426 496 497 578
