crater 0.8020 761 128 786 174
crater 0.7951 695 204 735 251
crater 0.5521 636 340 677 396
crater 0.2501 759 55 796 174
crater 0.0583 742 523 800 590
crater 0.0502 346 1 403 35
cone 0.9983 682 360 762 463
cone 0.9977 599 42 721 180
cone 0.9940 374 488 424 559
cone 0.9935 741 454 790 540
cone 0.9828 434 64 498 144
cone 0.9725 418 180 462 233
cone 0.9706 743 276 783 333
cone 0.9119 632 310 694 411
cone 0.7976 305 97 353 152
cone 0.7853 275 1 312 55
cone 0.7775 340 249 382 306
cone 0.7106 473 343 518 398
cone 0.4285 343 0 405 38
cone 0.3249 581 563 634 598
cone 0.2589 702 14 746 68
cone 0.2515 431 42 469 88
cone 0.1620 403 195 439 237
cone 0.1224 754 560 800 600
cone 0.0532 757 523 796 568
