crater 0.9915 41 508 117 584
crater 0.9793 326 198 400 279
crater 0.9357 230 40 284 109
crater 0.8944 182 458 264 554
crater 0.7735 583 29 631 87
crater 0.6287 0 521 58 599
crater 0.3190 559 252 638 355
crater 0.2880 0 76 18 229
cone 0.9886 696 323 758 391
cone 0.8578 106 190 233 317
cone 0.8343 525 527 592 600
cone 0.8272 342 33 460 163
cone 0.3839 414 176 461 251
cone 0.2774 142 554 242 600
cone 0.2719 217 32 298 112
cone 0.2580 3 549 82 600
cone 0.2145 0 77 23 241
cone 0.1813 152 464 251 562
cone 0.1700 583 28 640 94
cone 0.1467 0 383 41 554
cone 0.1242 366 6 476 49
cone 0.1193 18 430 133 600
cone 0.1158 750 80 796 228
cone 0.0733 37 192 84 246
